assets/pre_processing/arag_2050_07_v_original.asc
ncols        422
nrows        484
xllcorner    -137.179196280258
yllcorner    26.081299551563
cellsize     0.046431266747
NODATA_value 0
[rows 47 to 93 of 484, columns 192 to 287 of 422]
163 157 165 168 169 167 164 169 174 176 177 178 179 177 176 175 172 181 186 185 187 189 180 163 170 184 189 189 182 168 182 172 149 175 163 147 171 180 181 181 184 191 178 192 190 191 205 209 191 139 110 146 179 165 167 189 188 183 183 197 218 223 205 192 191 177 177 184 192 203 211 212 200 199 210 208 201 192 211 209 196 214 210 207 91 1 1 1 200 0 0 0 0 0 0 0
152 149 158 165 163 160 163 169 174 176 176 176 176 175 175 176 176 180 177 171 170 164 153 150 167 183 187 189 186 174 184 174 171 177 138 136 166 179 182 180 183 179 172 195 200 208 216 217 196 143 128 175 190 160 163 185 190 193 193 205 220 211 189 184 182 171 177 191 200 207 209 208 196 195 207 199 177 186 214 211 208 221 216 213 82 1 1 1 184 0 0 0 0 0 0 0
150 156 165 170 165 165 172 177 179 180 180 180 180 179 179 179 177 176 177 175 168 150 141 138 148 165 177 187 188 180 187 185 185 169 125 140 176 191 192 187 187 189 213 230 222 225 226 223 193 133 134 179 162 134 160 186 196 205 202 209 218 201 184 182 180 180 188 200 206 208 205 202 189 180 182 173 191 226 231 216 222 229 223 216 128 1 1 40 171 0 0 0 0 0 0 0
158 166 171 173 171 173 178 181 182 182 181 182 181 181 180 180 179 179 179 179 173 166 170 163 166 182 188 191 189 184 187 194 188 164 139 150 177 198 202 199 203 203 224 237 234 238 235 225 180 132 138 154 126 123 168 193 205 214 207 208 210 192 186 188 190 188 193 205 207 203 199 190 170 161 175 197 226 235 231 221 230 231 223 209 175 19 1 1 126 81 158 0 0 0 0 0
174 173 173 176 176 178 181 182 182 182 181 181 181 181 180 180 180 181 182 182 181 183 188 182 187 199 197 191 188 183 179 186 183 166 153 155 172 199 196 187 198 200 229 243 243 243 240 219 161 140 146 153 145 142 180 202 214 218 206 203 199 184 186 192 199 193 197 206 201 194 190 180 163 171 202 226 232 231 232 230 234 231 216 184 159 1 1 1 87 37 166 0 0 0 0 0
175 172 175 178 178 179 181 182 182 181 181 182 182 181 181 181 181 181 182 181 181 183 184 177 179 187 187 186 180 170 168 178 186 178 168 153 156 187 181 181 206 220 246 252 247 241 238 200 145 145 142 143 147 147 186 210 220 217 201 196 193 187 193 198 204 198 198 201 191 186 181 174 172 189 214 227 234 235 234 228 227 217 182 175 182 1 1 31 145 12 2 0 0 0 0 0
170 169 176 178 177 179 182 182 182 182 183 185 185 184 183 182 182 182 182 180 181 183 184 180 181 185 182 169 156 164 170 176 187 185 181 162 168 205 208 210 224 235 249 254 242 231 223 170 137 143 123 122 137 158 205 224 223 212 195 188 186 189 201 206 204 191 184 185 180 178 173 182 190 207 231 236 231 228 219 183 171 172 172 197 183 19 5 109 51 1 1 0 0 0 0 0
170 172 177 178 178 180 182 182 182 182 183 185 185 184 182 181 182 183 182 181 181 183 185 182 181 187 190 175 169 182 175 174 185 185 186 185 196 214 219 220 226 237 244 242 221 210 192 149 139 125 105 130 158 189 219 223 215 202 184 179 187 198 205 201 190 176 172 179 179 173 181 208 213 223 238 231 221 211 191 164 175 193 207 209 186 120 17 26 1 1 9 0 0 0 0 0
171 175 178 179 179 180 181 180 182 182 182 184 183 181 179 178 180 182 181 180 181 184 186 183 182 190 192 181 187 192 175 174 184 183 184 188 192 196 201 202 207 215 212 204 192 179 154 137 133 115 129 164 184 205 217 214 207 194 180 184 198 203 198 189 183 176 179 187 182 182 203 224 221 221 223 208 211 203 189 194 207 215 213 209 194 149 1 1 1 1 9 0 0 0 0 0
172 176 179 179 179 180 180 180 181 181 181 182 182 181 179 179 181 182 180 179 180 184 186 184 182 187 183 176 186 190 176 174 183 181 180 177 178 183 187 189 194 200 196 186 169 151 136 136 125 123 156 178 191 212 220 215 201 189 185 194 202 200 191 185 182 176 181 186 183 198 220 228 214 203 202 188 179 169 197 208 202 214 215 203 171 139 1 1 1 1 2 0 0 0 0 0
173 176 179 179 179 180 180 181 182 181 181 183 182 180 178 179 181 180 179 179 180 183 186 183 182 184 181 187 194 191 178 175 183 180 182 179 179 181 179 184 189 189 178 159 146 135 133 145 142 151 177 187 202 222 224 211 194 190 190 194 199 194 185 180 179 176 185 188 191 210 221 217 193 186 194 183 163 170 196 199 191 201 202 188 169 168 1 1 1 1 1 0 0 0 0 0
174 177 180 180 180 180 180 180 181 180 180 180 179 176 175 176 177 177 178 179 181 184 186 183 181 181 181 188 193 192 180 176 183 179 175 165 163 159 153 157 154 147 136 130 137 138 141 148 150 169 199 207 218 229 220 202 190 193 192 190 191 182 176 179 186 185 187 188 196 208 205 190 163 155 151 130 134 175 190 183 170 179 175 155 157 174 1 11 1 1 1 0 0 0 0 0
176 178 181 182 181 181 180 180 180 179 178 178 177 176 176 177 177 178 179 180 182 185 186 183 181 181 184 190 193 192 182 178 183 175 162 153 154 150 147 148 143 143 144 148 154 153 153 157 167 191 216 216 220 223 205 189 188 193 188 184 183 181 182 181 186 187 182 183 186 184 167 139 114 100 88 82 119 169 189 191 178 197 196 172 175 187 12 22 1 1 1 0 0 0 0 0
176 179 183 184 182 180 180 180 181 180 180 181 180 179 179 180 180 180 180 181 184 185 184 181 180 182 185 191 192 192 184 180 184 174 167 172 173 166 164 170 171 174 172 168 167 161 163 176 196 212 217 205 204 205 188 186 192 192 183 180 183 184 185 180 178 172 157 151 143 132 112 84 71 77 89 123 180 206 209 209 192 207 195 173 195 205 26 25 1 1 1 0 0 0 0 0
177 180 184 183 180 180 180 181 181 181 181 181 181 180 181 181 181 180 181 182 184 184 182 180 181 183 184 190 191 191 185 181 183 175 176 180 180 178 175 181 180 174 167 164 168 170 180 194 208 214 211 199 201 202 187 190 193 187 181 179 185 181 172 151 135 126 110 105 109 111 103 101 115 139 151 180 202 206 204 200 180 197 180 167 190 194 37 36 1 1 1 0 0 0 0 0
179 181 183 181 180 180 181 181 182 183 183 183 182 182 183 182 182 182 183 185 186 184 184 184 184 184 184 190 190 189 184 178 178 177 181 182 184 177 172 177 174 169 171 179 183 186 195 205 213 214 213 205 203 199 185 188 189 183 178 172 160 128 92 70 61 60 50 62 93 111 124 135 139 142 131 141 160 168 174 171 159 187 198 205 206 196 53 47 1 1 1 0 0 0 0 0
180 181 182 181 180 181 181 182 183 184 184 184 184 184 184 184 183 184 187 188 187 185 186 185 184 183 184 190 190 189 185 177 181 185 185 184 184 175 171 178 181 180 183 191 190 191 202 210 213 213 211 201 192 188 182 187 183 172 165 148 111 72 51 59 77 89 83 91 102 106 130 136 124 118 107 135 172 185 186 176 163 191 211 218 211 200 66 55 1 1 1 0 0 0 0 0
179 179 180 180 180 181 182 182 183 185 185 184 184 184 185 186 187 188 189 188 186 185 185 183 182 182 184 191 190 186 180 176 187 190 186 186 187 183 184 191 189 186 190 196 191 194 206 211 211 207 202 191 182 183 184 183 172 150 140 118 83 77 106 141 148 150 145 146 138 126 134 142 146 159 165 197 206 205 202 186 173 197 209 212 205 208 80 62 1 1 1 0 0 0 0 0
178 178 179 179 179 180 180 181 182 184 184 183 184 185 188 190 190 190 190 187 185 185 184 183 182 181 184 191 189 182 177 181 191 191 188 188 189 186 187 195 190 186 193 198 195 199 208 209 207 201 193 181 177 184 183 173 152 121 116 103 92 113 151 163 143 146 142 141 152 157 168 179 176 173 176 196 201 198 198 186 186 204 209 213 204 204 82 61 1 1 1 72 0 0 0 0
178 178 179 179 179 180 182 183 185 186 187 189 191 192 193 192 190 189 188 186 184 184 182 182 182 183 187 191 187 184 183 191 196 193 191 192 193 188 190 195 188 192 201 205 199 200 207 205 201 193 183 175 177 177 163 139 117 99 110 110 109 129 144 137 128 151 158 153 162 172 182 182 168 150 158 192 212 209 207 193 194 207 211 213 196 187 71 53 1 1 1 0 0 0 0 0
180 181 182 182 183 185 186 187 189 190 190 191 191 190 189 186 185 184 184 183 182 182 182 182 183 186 191 191 188 187 186 193 197 194 193 193 193 190 189 189 190 199 204 205 197 196 202 199 195 186 179 178 177 166 141 122 117 106 119 128 121 136 147 151 153 162 165 163 169 176 174 175 163 140 169 206 220 216 213 200 200 207 209 210 190 178 63 46 1 1 1 0 0 0 0 0
181 184 186 185 186 186 185 186 187 186 185 185 183 181 181 180 181 182 181 181 181 182 183 184 185 188 190 188 188 190 188 192 196 193 191 192 194 191 187 191 198 202 200 199 190 189 196 193 189 181 177 175 169 156 141 138 130 115 133 145 144 165 174 170 168 173 175 172 173 179 184 203 198 172 199 219 223 220 217 207 211 217 218 217 194 172 47 34 1 1 1 0 0 0 0 0
179 183 184 184 183 182 182 182 183 181 180 181 182 182 182 182 182 183 182 182 182 183 185 185 186 189 189 188 188 190 189 191 194 191 192 195 194 187 184 194 201 200 197 195 188 188 193 189 183 175 172 170 162 154 148 133 116 120 147 161 165 176 178 171 166 172 177 176 174 180 189 196 176 162 202 222 225 223 221 213 215 219 219 214 189 168 45 41 1 1 1 0 0 0 0 0
178 182 182 181 180 179 180 181 181 180 180 182 183 183 183 183 183 183 182 182 183 185 186 186 187 189 187 188 188 189 188 188 192 192 194 196 191 182 186 195 197 195 193 193 186 185 189 183 175 171 168 165 162 159 142 119 118 137 161 172 175 178 174 166 165 175 181 179 174 181 192 187 167 176 213 227 228 224 222 214 215 220 220 214 190 168 36 33 1 1 1 0 0 0 0 0
179 181 181 180 178 176 178 179 180 180 181 183 184 183 183 183 184 184 185 186 188 189 190 190 190 189 187 187 187 190 188 189 193 193 190 187 185 183 188 193 192 191 189 187 179 177 178 170 166 168 165 161 159 144 121 115 130 151 170 176 176 170 161 161 175 189 189 183 178 190 206 205 199 217 231 234 234 232 228 217 220 222 218 209 184 138 1 1 1 1 1 0 0 0 0 0
178 180 181 180 177 176 179 180 181 180 181 184 183 182 183 185 185 185 186 188 189 190 189 186 186 186 185 185 187 191 189 189 191 190 185 181 183 180 183 189 189 187 184 182 175 173 172 167 170 172 164 159 153 135 126 132 146 165 177 178 171 160 157 175 192 194 189 186 188 203 214 206 197 217 237 239 238 236 231 216 220 222 218 205 174 118 1 1 1 1 0 0 0 0 0 0
176 179 181 180 176 178 181 181 182 181 181 184 181 180 183 184 183 183 185 185 185 185 183 181 182 183 182 184 188 190 186 185 188 185 181 182 188 183 183 189 187 183 181 180 175 173 172 174 181 176 161 158 155 146 147 151 159 172 179 174 162 159 174 193 198 192 191 193 197 211 207 195 197 222 241 242 238 231 225 214 220 222 217 200 173 122 1 1 1 1 0 0 0 0 0 0
177 180 181 179 176 179 182 181 181 180 180 181 178 179 181 181 180 180 181 182 183 182 181 181 182 181 181 184 187 188 184 183 183 180 179 183 188 184 182 186 182 179 178 176 170 167 173 180 179 167 157 159 159 154 156 156 165 174 175 168 157 168 188 198 203 201 200 201 203 211 197 206 219 235 245 243 236 229 227 221 225 225 219 202 178 105 1 1 1 1 0 0 0 0 0 0
180 180 180 178 176 180 181 180 181 180 179 178 177 178 178 180 180 180 181 181 180 178 177 176 176 177 179 183 185 184 180 179 179 177 181 185 186 179 177 180 178 177 176 172 167 168 178 181 171 163 159 163 164 161 162 166 173 171 170 164 160 180 196 206 214 208 203 206 203 197 195 223 229 237 245 238 234 233 233 227 226 227 222 201 165 76 1 1 1 1 0 0 0 0 0 0
180 177 179 178 176 180 180 179 180 179 179 179 179 178 177 178 175 172 172 170 167 165 165 165 166 169 172 174 174 171 168 168 171 175 179 180 177 172 171 174 172 169 167 167 169 172 177 172 163 159 158 162 164 165 169 173 167 156 163 165 173 200 219 230 230 220 211 212 207 206 226 244 238 240 247 245 244 239 236 227 220 225 219 185 148 56 1 1 1 1 0 0 0 0 0 0
177 175 178 178 177 181 180 179 180 180 180 180 180 179 178 176 172 169 168 166 165 166 167 168 169 172 174 174 173 171 168 170 175 176 176 175 174 171 170 173 170 166 168 175 174 173 175 171 165 163 163 166 169 173 175 169 155 152 167 173 188 219 235 238 232 222 207 212 216 222 239 245 233 231 244 245 240 235 233 221 215 224 212 162 132 41 1 1 1 1 0 0 0 0 0 0
177 175 178 178 177 181 180 180 181 180 181 181 181 181 180 179 179 179 179 178 179 180 182 182 183 186 186 185 183 181 179 181 182 179 178 179 179 176 176 179 176 174 181 185 177 175 177 176 173 171 172 175 178 178 173 162 154 160 175 182 205 232 238 232 219 204 197 209 217 224 231 226 211 218 234 231 225 224 225 213 211 221 204 162 141 32 1 1 1 1 0 0 0 0 0 0
178 176 178 178 177 180 180 180 180 180 181 182 182 182 181 182 182 182 182 183 184 185 187 186 186 187 186 183 182 182 181 182 181 181 182 182 182 179 179 180 177 180 186 184 177 176 178 176 173 171 174 177 176 173 167 160 158 166 177 192 224 240 237 226 211 197 199 207 215 224 221 221 219 224 232 225 221 226 229 214 213 222 201 170 134 13 1 1 1 1 0 0 0 0 0 0
179 176 178 178 178 181 182 182 182 183 184 183 183 183 182 183 183 183 183 184 185 185 186 184 183 183 180 178 178 178 177 177 178 180 182 183 182 177 177 179 179 183 185 181 175 173 174 171 167 168 172 171 167 164 162 163 168 186 201 224 245 245 233 215 202 198 204 213 221 223 219 227 223 221 228 224 228 233 233 221 220 218 181 144 78 1 1 1 1 1 0 0 0 0 0 0
180 176 178 178 178 182 183 183 183 184 183 182 182 183 183 183 183 183 184 184 185 185 185 183 182 181 179 179 179 178 177 177 179 181 182 183 180 175 177 181 183 184 181 178 173 171 171 168 168 173 172 168 166 166 170 180 188 215 226 238 246 233 212 195 194 196 200 214 216 212 214 222 214 214 223 224 229 231 230 217 207 197 163 133 63 1 1 1 1 0 0 0 0 0 0 0
179 176 177 178 178 181 182 181 180 181 180 181 182 183 183 183 184 184 185 186 187 185 184 183 182 182 182 183 183 183 182 182 183 183 184 182 179 177 180 185 185 182 179 176 173 172 172 170 175 177 172 171 174 179 189 206 213 232 234 231 227 200 185 185 197 196 196 206 204 203 208 212 202 203 214 217 221 227 227 206 191 185 166 142 69 1 1 1 1 0 0 0 0 0 0 0
179 175 177 179 179 181 181 180 180 182 182 183 185 185 186 187 187 187 188 188 186 183 183 183 182 183 184 184 184 184 184 184 184 185 184 182 181 180 182 185 183 178 174 171 170 170 170 170 176 176 175 178 183 195 209 219 222 234 229 213 205 184 183 192 199 191 193 204 203 203 208 211 202 200 210 214 223 228 215 183 173 177 163 136 38 1 1 1 1 0 0 0 0 0 0 0
179 177 181 183 179 179 181 182 183 185 185 187 188 187 188 189 188 188 187 185 183 182 184 184 184 184 184 184 184 184 185 185 185 185 184 183 184 182 183 183 179 173 169 169 170 171 172 176 182 184 189 193 200 216 228 225 224 229 210 191 185 180 187 194 198 192 195 207 205 204 210 213 204 201 214 224 232 220 189 167 171 180 167 118 1 1 1 1 1 0 0 0 0 0 0 0
180 180 182 180 175 180 184 185 186 187 187 187 187 187 187 188 186 186 185 185 185 186 186 185 185 185 185 184 185 185 185 185 185 185 184 184 183 180 179 176 172 172 174 179 183 187 198 202 205 215 224 221 224 234 233 220 217 209 182 173 174 181 191 198 204 199 203 212 208 211 218 222 214 202 210 220 219 200 190 190 189 177 133 41 1 1 1 1 20 0 0 0 0 0 0 0
181 179 179 176 174 181 185 186 187 186 185 186 186 187 187 187 185 185 186 187 188 188 188 187 187 187 186 186 186 186 185 185 185 185 184 183 180 179 178 177 180 189 193 200 203 208 221 216 218 231 233 224 221 223 209 196 189 178 167 168 177 188 196 204 210 204 207 214 210 216 215 212 200 185 207 218 211 203 206 199 184 142 76 1 1 1 1 1 0 0 0 0 0 0 0 0
181 177 177 176 175 182 186 186 186 184 184 185 186 187 188 187 187 186 187 186 187 187 188 188 189 189 189 189 189 189 188 188 188 188 185 182 182 184 185 190 200 206 206 213 214 216 221 210 215 223 214 198 190 184 173 174 173 169 171 178 190 197 203 210 215 207 209 214 206 206 202 202 193 189 218 227 223 216 204 188 164 92 32 1 1 1 1 39 0 0 0 0 0 0 0 0
180 176 177 177 177 184 188 187 184 183 183 185 186 188 188 188 186 186 186 186 187 189 190 190 190 191 192 193 193 193 193 193 194 194 188 185 192 194 197 205 210 209 211 218 213 212 210 204 210 206 192 180 175 173 170 174 174 176 181 187 199 203 208 216 219 210 210 212 199 202 207 213 208 207 221 222 219 210 191 173 134 35 1 1 1 1 1 31 0 0 0 0 0 0 0 0
179 176 177 178 179 185 187 185 183 183 184 185 186 187 188 186 184 184 184 184 186 189 190 189 190 191 193 194 194 195 195 196 197 193 186 192 203 203 206 210 208 209 215 215 206 203 201 199 199 188 179 174 173 172 173 178 182 188 189 194 205 207 212 219 215 197 195 200 196 208 214 213 204 203 218 222 217 200 171 149 93 1 1 1 1 1 1 98 0 0 0 0 0 0 0 0
178 176 179 180 182 186 186 184 184 185 185 187 188 188 187 183 181 182 185 187 190 191 191 189 189 191 192 193 194 197 198 199 201 196 196 208 213 209 210 211 209 212 210 204 194 190 189 186 182 174 170 169 169 173 181 188 193 199 196 198 208 205 203 206 199 185 190 197 197 203 206 209 201 201 218 220 204 183 153 140 87 1 1 1 1 1 1 1 0 0 0 0 0 0 0 0
178 179 182 183 185 187 187 186 188 187 187 189 188 188 186 183 182 183 186 189 191 192 191 188 188 190 187 189 192 195 194 195 197 195 201 208 206 202 203 204 202 200 194 188 182 178 179 177 173 169 170 171 175 184 192 196 198 201 195 192 195 190 192 197 197 191 195 200 197 198 202 206 197 203 220 211 186 169 137 130 78 1 1 1 1 1 1 1 0 0 0 0 0 0 0 0
182 185 187 189 190 191 191 192 191 188 188 187 185 184 183 182 182 182 184 185 185 186 186 186 187 187 185 186 189 189 186 185 187 187 190 189 188 187 187 188 184 182 180 178 176 176 177 176 174 175 181 184 188 195 196 194 194 191 182 178 184 189 197 204 203 191 188 196 195 198 201 208 200 197 200 188 180 163 116 108 42 1 1 1 1 66 55 61 0 0 0 0 0 0 0 0
188 190 191 191 192 192 192 190 188 187 186 185 183 182 181 180 180 180 182 183 183 184 185 183 182 183 183 186 187 186 182 182 185 187 185 182 183 181 180 180 179 179 179 180 180 179 180 180 180 184 190 189 191 194 193 192 188 183 178 181 192 199 204 205 203 192 189 196 195 197 194 191 179 172 187 192 185 152 78 67 13 1 1 1 44 221 115 105 0 0 0 0 0 0 0 0
