assets/pre_processing/arag_2050_07_v_original.asc
ncols        422
nrows        484
xllcorner    -137.179196280258
yllcorner    26.081299551563
cellsize     0.046431266747
NODATA_value 0
[rows 188 to 234 of 484, columns 96 to 191 of 422]
176 174 174 170 171 175 179 179 180 181 181 177 177 180 174 168 169 171 175 174 173 171 168 170 174 174 170 174 175 174 179 182 182 178 176 183 179 184 194 183 174 182 187 177 174 178 176 175 175 170 163 166 174 179 180 181 181 179 178 182 181 180 184 184 183 191 190 180 177 183 186 185 184 182 182 183 183 183 183 183 182 181 183 186 184 178 182 191 186 182 181 178 177 180 180 178
173 171 172 170 173 177 179 179 179 180 180 179 178 180 174 168 168 172 176 172 172 170 168 173 176 175 172 176 177 178 180 182 182 177 176 179 181 190 193 184 177 183 181 171 171 174 174 171 170 168 164 167 174 179 180 181 181 179 181 182 180 181 184 185 185 188 183 177 177 183 188 185 180 180 181 183 184 183 183 183 182 181 184 185 182 177 181 186 182 183 184 180 179 179 179 178
172 171 172 172 176 178 178 178 178 179 181 180 178 180 175 168 166 173 175 169 172 171 169 176 177 175 174 178 179 179 181 182 183 176 176 181 189 194 192 186 179 178 172 165 164 167 171 168 169 169 167 170 175 178 180 182 181 180 181 180 178 182 185 185 186 183 181 179 179 188 191 183 177 179 182 184 185 183 183 183 182 183 185 185 182 177 181 184 182 186 187 184 183 183 183 184
172 171 173 175 177 177 178 177 178 180 182 180 178 179 175 166 164 171 172 166 172 171 171 177 176 175 176 180 181 182 182 183 183 179 183 185 187 189 190 184 177 180 175 167 164 170 174 171 173 173 171 175 178 178 180 181 180 181 181 179 179 182 184 185 184 182 182 181 182 190 188 179 176 178 182 184 184 183 182 183 183 183 184 184 182 178 182 184 184 188 188 185 182 181 184 187
172 171 174 176 176 177 177 177 178 181 182 180 178 179 173 164 166 174 171 165 172 172 173 178 177 177 179 181 183 183 182 184 184 182 186 183 182 187 188 179 176 181 178 173 169 177 179 175 178 177 175 179 180 177 180 181 179 180 179 179 180 182 184 184 183 181 182 182 184 187 182 176 175 179 184 183 183 183 182 183 183 183 184 185 183 181 184 183 182 186 184 176 174 179 183 186
174 172 172 172 173 175 175 176 178 181 181 180 176 173 168 160 166 171 164 164 171 174 176 179 179 180 182 184 185 184 184 185 185 184 185 179 179 187 187 177 175 171 169 176 179 189 187 180 184 182 180 184 183 178 180 182 179 179 178 178 179 180 182 182 182 182 183 184 184 184 182 178 180 186 186 182 184 185 184 185 185 184 185 185 184 185 185 183 183 187 183 175 175 179 182 184
176 170 169 172 173 174 175 176 179 181 179 179 174 169 166 161 168 165 161 165 172 177 178 180 180 182 183 184 185 185 184 184 184 184 184 180 177 183 184 180 178 171 171 175 177 186 186 179 185 189 186 186 183 179 180 184 181 179 179 178 178 179 180 181 183 183 183 184 181 181 182 179 184 185 179 177 183 185 185 185 184 184 184 184 185 185 183 182 185 187 184 182 182 179 178 177
172 167 171 175 176 177 177 179 182 181 179 179 170 168 167 167 170 164 164 169 176 180 179 180 181 181 182 182 183 184 183 182 183 183 183 179 174 177 182 184 184 183 185 180 174 176 178 176 185 193 188 182 183 180 181 186 182 180 181 180 180 180 181 182 184 183 182 182 178 179 180 178 182 178 172 173 180 184 182 180 181 182 183 184 184 182 180 181 183 185 183 183 183 181 179 176
169 167 171 176 177 178 179 181 183 181 180 178 168 167 167 168 167 162 167 173 179 181 181 180 181 181 182 182 182 183 182 182 182 182 183 180 173 177 184 185 184 182 182 181 183 184 180 175 179 191 187 178 183 183 184 188 183 181 183 183 182 182 182 183 185 183 182 181 178 179 180 179 181 178 172 175 185 187 180 178 180 181 182 183 183 182 180 182 183 184 182 185 184 183 183 180
170 169 172 176 178 181 182 182 183 180 179 176 166 166 171 171 168 165 170 176 181 181 180 181 181 182 182 181 182 182 181 181 181 181 182 180 177 181 184 184 183 180 178 179 185 187 182 176 175 182 181 174 180 186 185 186 184 181 184 185 184 184 184 185 185 183 181 180 178 179 181 180 180 177 173 178 188 184 177 177 179 181 182 182 183 182 182 183 183 183 184 185 185 186 185 180
173 171 174 178 181 185 183 182 182 180 178 175 165 166 174 171 167 168 173 178 180 179 179 181 181 181 181 180 181 181 180 180 180 180 181 180 181 181 179 181 183 181 178 179 185 188 185 180 179 178 175 173 176 183 182 184 184 181 186 186 183 184 185 186 185 183 181 179 179 181 183 180 178 178 177 181 185 178 172 175 179 181 181 181 183 183 183 183 182 183 184 184 184 186 185 182
176 173 175 179 184 187 183 181 181 180 179 174 163 165 174 169 166 171 175 179 180 179 179 181 181 181 181 180 180 180 179 179 180 180 181 180 181 178 175 178 181 179 177 180 186 190 186 180 181 179 178 177 175 179 182 184 184 182 187 184 181 184 185 186 185 183 180 179 180 182 181 176 176 179 180 181 182 176 170 176 181 183 182 182 182 182 182 182 182 183 184 183 183 183 183 183
176 175 178 183 188 186 181 180 180 181 179 171 165 173 178 170 169 174 177 178 178 178 179 181 182 181 180 180 180 180 180 180 181 181 181 181 181 178 175 177 179 179 180 182 187 192 187 179 180 179 176 177 176 177 181 184 182 183 185 180 181 184 185 187 186 183 179 178 181 181 178 175 177 180 181 178 179 175 170 178 184 184 181 181 181 179 179 178 179 180 181 181 181 182 182 182
175 179 183 188 190 184 180 180 181 182 178 169 168 178 176 167 171 175 177 177 177 179 180 182 182 180 180 180 181 182 181 181 180 180 180 180 180 178 175 177 180 181 182 183 187 189 184 180 179 177 174 177 178 179 183 184 181 183 182 178 182 185 187 188 185 180 176 179 182 181 178 175 178 182 182 179 180 176 174 183 186 184 179 179 180 177 175 173 172 173 174 175 176 177 178 178
180 184 187 188 187 182 181 181 181 180 174 169 171 176 168 161 169 174 175 177 178 181 183 183 182 180 182 184 184 185 184 183 181 180 179 178 178 179 177 179 181 180 182 182 183 182 185 185 180 178 176 181 181 183 188 186 183 184 182 181 186 189 190 189 183 178 179 184 183 181 180 179 184 186 185 182 183 183 183 186 186 181 175 181 180 173 171 170 171 170 170 169 169 170 169 169
184 187 188 186 183 181 181 180 180 177 171 172 173 174 167 159 169 175 176 180 182 184 185 183 182 181 185 187 185 186 185 184 181 181 181 179 178 181 180 181 179 178 182 180 178 183 194 189 180 180 180 182 182 186 189 185 183 184 184 184 187 188 188 185 180 180 184 183 180 182 182 183 187 186 185 182 183 186 183 179 180 178 175 179 174 169 173 175 177 176 174 174 174 173 173 173
185 187 186 183 182 181 179 179 178 175 172 174 171 171 167 159 171 178 181 185 184 185 186 182 181 183 187 187 184 184 184 182 181 182 184 180 180 183 182 180 177 179 182 179 179 189 199 189 180 183 180 179 181 187 188 184 184 186 185 185 186 183 182 180 175 179 180 176 178 183 184 184 184 182 180 179 182 183 175 171 172 174 170 170 170 172 180 181 180 178 179 180 181 181 182 183
186 185 182 182 181 179 178 177 176 175 174 176 171 172 167 159 171 179 184 187 185 185 185 182 182 185 188 186 184 184 183 182 182 183 184 181 180 183 182 178 176 180 181 179 181 191 200 191 181 183 179 178 182 188 189 187 189 189 185 184 183 178 177 176 174 179 177 174 180 184 184 183 182 179 177 178 182 179 171 169 172 174 165 167 175 178 184 183 180 177 179 181 180 180 182 183
183 183 182 180 177 176 176 175 175 175 176 176 171 173 169 161 172 182 186 189 186 184 184 182 183 186 188 186 184 184 183 183 183 182 183 182 180 182 182 179 177 179 179 180 184 191 199 191 181 184 182 181 185 190 191 187 187 185 181 180 176 171 173 174 176 178 176 176 180 182 182 180 177 175 176 177 177 173 167 168 174 173 165 173 181 183 183 178 176 176 179 183 181 181 182 182
181 182 180 176 174 175 175 175 176 176 177 176 172 175 172 167 176 182 187 190 186 182 184 184 185 187 187 185 184 185 184 184 184 182 182 181 178 181 182 179 176 179 180 183 186 190 198 191 180 182 183 183 187 189 186 181 180 177 175 174 171 169 174 177 178 178 176 177 179 181 181 176 173 172 174 174 173 171 166 170 175 170 166 177 182 181 177 172 173 174 179 182 181 181 183 183
182 180 175 173 174 175 175 175 176 178 178 178 176 179 174 173 176 176 187 190 186 182 184 185 185 187 186 185 185 185 184 185 184 181 182 181 179 182 181 177 177 180 182 186 189 193 197 187 179 180 182 182 184 182 177 175 174 173 174 173 171 174 178 181 180 178 176 176 177 178 177 172 170 171 173 170 170 170 167 173 174 168 168 176 179 177 171 169 174 176 179 180 181 184 187 187
181 177 172 173 175 175 175 176 178 179 180 181 180 181 174 173 169 170 187 188 180 178 184 185 186 186 186 186 185 186 184 184 183 181 182 181 181 181 177 176 178 182 184 191 193 192 189 181 177 178 179 177 177 173 170 174 174 174 175 174 174 177 180 181 178 175 172 174 172 171 172 169 168 170 171 167 170 171 170 174 171 165 167 172 175 172 168 172 178 181 183 185 187 189 189 188
177 172 171 174 176 176 176 177 180 181 181 184 183 182 173 173 168 167 187 186 177 180 187 186 186 185 186 187 185 185 183 183 183 180 182 181 180 178 173 175 182 186 188 193 189 183 180 177 176 176 176 174 174 170 170 176 175 176 176 174 174 176 177 176 172 169 168 171 168 168 171 168 168 171 168 166 171 173 174 173 168 164 166 173 175 169 170 177 182 185 187 186 185 185 182 181
175 172 172 175 177 176 177 179 182 181 183 187 184 183 180 179 166 165 187 186 179 186 190 187 185 183 186 187 184 184 182 183 182 180 181 181 181 176 170 177 187 190 190 188 181 177 177 176 175 176 176 175 176 173 172 176 175 175 174 171 169 170 171 169 166 165 167 171 167 167 170 168 170 170 167 168 172 175 174 168 162 162 167 173 171 170 177 182 184 184 181 178 177 176 175 174
175 172 172 176 177 177 179 180 181 180 183 189 187 185 188 181 158 163 182 181 178 185 189 187 183 183 187 185 183 184 183 183 182 180 181 182 177 170 172 183 191 190 185 178 173 173 172 172 173 174 174 173 173 167 163 166 166 162 159 156 157 159 160 159 159 162 165 167 163 164 166 166 166 161 160 162 166 164 156 149 149 157 165 169 172 177 182 180 177 175 173 173 175 177 180 185
175 171 173 177 178 179 180 180 180 180 185 190 188 183 186 175 151 158 176 181 180 184 189 185 181 183 186 182 181 182 181 181 178 178 180 177 170 169 178 187 189 185 176 170 172 173 172 172 173 173 172 171 170 161 157 163 161 157 156 157 160 163 164 164 165 167 169 168 161 161 164 163 157 150 151 153 155 150 144 149 158 167 174 177 181 183 178 172 171 174 176 177 181 187 193 198
174 172 176 179 181 181 181 181 181 183 187 191 186 179 182 176 151 159 179 185 184 185 190 184 181 184 184 180 178 178 178 177 174 175 177 173 170 175 183 187 184 179 172 169 174 175 173 173 173 174 173 171 170 163 164 171 169 167 169 172 175 175 175 176 175 175 174 171 156 150 158 153 145 143 150 155 157 159 164 174 180 182 184 182 180 177 169 169 175 179 180 181 186 193 195 192
173 174 178 181 182 182 182 183 183 184 187 189 184 178 183 178 155 164 179 179 182 184 190 183 182 185 182 179 177 178 178 176 175 176 178 175 175 181 185 185 179 175 172 171 175 174 171 171 172 173 171 169 169 166 168 174 173 172 174 176 175 173 174 172 171 170 165 160 143 143 155 148 146 154 164 169 172 176 179 181 181 181 180 178 176 170 166 171 177 178 179 180 184 189 184 180
174 177 181 183 184 183 184 184 184 184 185 185 179 174 180 181 160 167 174 172 181 184 186 179 182 185 182 180 179 180 180 178 178 178 179 179 179 183 184 180 173 173 172 172 174 170 170 171 174 174 171 170 171 170 170 174 174 171 172 172 168 164 164 164 162 157 151 147 140 151 164 160 165 173 178 180 181 181 181 179 178 179 177 174 173 168 167 173 176 176 178 178 178 179 173 173
178 181 182 184 185 185 185 185 185 183 182 181 177 174 180 184 166 170 172 167 180 184 181 179 184 186 182 178 178 181 182 181 181 180 181 181 181 182 181 175 169 173 174 174 171 167 169 172 176 174 171 172 174 171 169 171 170 167 168 164 158 154 155 158 155 150 149 152 154 163 171 172 177 180 181 180 179 178 177 177 178 178 174 173 173 167 168 174 175 174 176 174 174 173 169 171
181 183 183 185 186 186 185 185 184 182 180 179 179 178 182 186 176 177 169 164 179 183 181 182 187 186 180 175 178 182 182 182 181 181 181 181 179 179 178 171 167 171 176 172 167 167 170 174 175 173 171 173 174 169 164 167 165 164 164 158 154 154 161 164 158 157 161 167 169 173 177 178 180 180 179 177 177 177 177 180 179 174 172 174 173 168 170 175 175 175 175 172 171 169 169 169
183 184 185 187 187 186 184 183 183 180 178 179 179 178 182 186 183 177 164 161 179 184 182 183 186 186 179 174 179 183 182 180 180 180 180 178 177 177 175 167 164 170 174 169 164 167 172 174 174 173 172 173 173 165 159 164 163 162 161 156 157 163 170 170 167 169 173 176 175 176 179 179 179 178 176 177 179 180 181 181 176 172 173 174 172 170 174 178 177 177 176 174 172 171 170 168
184 185 186 188 188 185 183 183 181 178 178 180 179 178 182 186 182 174 161 160 178 185 183 182 184 182 173 170 178 182 181 179 178 178 177 176 176 175 172 164 164 173 176 168 165 168 173 173 174 174 171 172 171 160 156 164 166 166 165 162 166 172 175 173 173 176 178 178 176 177 178 178 178 177 178 181 183 183 182 177 171 172 174 175 175 173 175 178 178 178 178 178 177 177 175 173
184 185 188 188 187 184 183 182 180 177 179 180 178 179 182 183 179 177 166 160 177 185 182 180 181 178 171 171 177 182 178 176 176 176 175 173 173 172 168 161 164 175 173 167 166 170 174 173 173 172 170 171 168 157 157 167 171 170 168 169 174 178 179 178 177 178 179 177 175 177 178 178 179 181 184 184 183 181 177 172 172 175 174 174 175 173 175 176 176 176 177 177 177 177 177 178
186 189 190 188 185 183 181 181 179 178 181 179 176 179 182 181 180 181 170 166 184 187 181 179 181 180 175 171 173 175 169 168 169 168 167 167 166 164 160 156 161 168 165 162 165 169 170 167 167 166 165 165 159 154 161 172 175 172 171 175 178 178 178 179 178 179 178 177 179 182 183 184 184 183 182 178 176 173 170 172 176 176 174 175 176 175 177 177 177 177 177 177 177 178 178 179
187 190 188 186 183 181 180 180 179 180 180 178 176 179 182 182 182 184 174 172 187 181 176 179 182 181 174 173 174 172 166 166 168 166 165 166 165 162 160 159 162 167 165 163 167 169 166 164 167 168 167 164 159 162 171 177 177 175 175 178 180 179 180 179 179 179 178 180 184 186 186 186 183 180 177 173 171 170 171 176 178 176 174 177 180 180 180 180 181 182 182 182 182 182 182 183
186 187 184 183 181 180 181 179 179 179 179 176 175 179 181 181 181 185 181 177 183 172 169 178 180 179 173 176 178 175 174 174 173 170 169 169 168 166 167 166 165 170 170 168 171 172 169 168 171 174 172 169 168 173 178 179 179 178 180 181 181 181 182 181 181 181 180 184 186 184 183 181 177 176 176 172 174 175 176 178 178 178 178 182 184 182 180 182 183 184 184 184 185 185 185 185
187 185 181 181 181 181 180 179 178 179 178 175 175 178 180 181 180 184 185 178 179 171 167 177 179 178 173 177 177 174 177 177 175 172 171 170 169 167 169 167 166 172 172 171 174 173 169 170 175 177 172 170 171 176 179 180 181 181 182 182 182 183 183 184 184 183 182 184 184 182 180 178 177 179 177 172 175 177 177 179 179 179 180 183 183 181 181 183 184 184 184 184 184 184 184 183
185 181 179 180 181 181 180 179 178 179 177 174 175 178 180 181 180 184 185 175 176 170 165 176 179 178 174 178 180 178 176 175 175 174 175 174 172 171 170 167 167 173 173 173 174 172 170 174 179 178 173 172 175 180 182 182 182 181 182 183 184 184 184 185 184 182 181 183 182 180 179 178 181 181 176 171 176 179 179 180 180 180 180 180 180 179 182 183 184 184 184 183 183 183 182 181
181 179 180 181 182 181 179 178 178 178 175 173 174 178 179 181 180 183 184 176 177 170 164 175 179 178 176 179 183 179 172 172 172 172 174 173 173 173 172 169 170 173 174 175 174 171 171 175 178 175 172 174 179 183 182 182 182 182 183 185 185 183 184 185 182 178 179 181 180 180 181 182 183 179 170 169 176 180 180 180 181 180 180 181 181 181 183 184 184 184 183 183 183 183 182 182
181 181 181 182 182 179 178 177 177 176 174 172 174 178 178 181 180 180 182 177 178 170 167 178 179 178 178 180 182 177 168 169 173 174 172 171 172 173 170 168 171 173 175 175 173 172 173 176 177 175 174 177 182 182 180 181 181 182 184 185 182 181 183 181 177 175 179 182 182 183 184 185 182 172 165 170 178 181 180 180 181 182 183 184 184 185 185 186 185 184 184 185 185 184 184 185
183 182 181 182 181 177 177 177 177 176 173 172 174 177 178 181 179 178 181 179 178 170 170 177 175 178 179 180 181 178 170 173 179 177 174 174 173 172 168 168 172 173 175 173 172 173 175 177 178 177 177 180 182 181 180 181 182 183 184 182 179 179 179 177 174 176 183 186 185 186 184 182 174 161 163 175 181 181 181 182 182 184 187 187 186 187 187 187 187 186 186 186 186 186 187 187
185 183 181 182 179 175 177 178 178 176 173 172 174 177 178 181 179 177 183 182 178 170 171 173 170 177 179 180 180 179 173 178 180 175 177 177 176 174 171 172 176 177 178 176 175 175 177 178 178 179 179 180 180 179 180 181 182 183 182 179 177 178 178 178 178 182 188 189 183 181 179 174 161 156 169 179 181 181 182 182 183 185 188 187 186 186 187 188 188 188 188 188 188 188 188 189
185 182 181 182 178 174 177 180 178 175 173 174 176 178 178 180 179 177 181 181 177 169 170 172 169 176 179 179 180 181 176 179 177 170 178 180 179 178 176 176 178 180 179 177 177 178 180 180 180 180 180 180 180 179 181 182 183 184 182 179 180 182 183 185 186 189 191 183 170 168 171 163 153 162 176 180 181 181 182 183 183 187 189 187 185 187 188 189 188 188 188 188 188 189 189 189
184 181 180 181 176 174 177 181 178 175 174 176 177 177 177 179 178 176 181 180 176 172 173 170 167 174 178 178 180 181 179 182 178 170 179 182 181 183 181 179 180 181 180 178 178 179 180 179 180 180 180 182 184 186 187 188 189 188 186 185 188 190 190 191 190 188 179 167 161 168 171 158 155 170 177 179 180 180 181 182 184 188 189 186 186 188 191 191 189 189 189 189 189 189 190 191
184 180 180 180 176 174 178 182 179 175 175 177 176 175 177 178 177 176 180 179 175 175 171 164 164 171 176 176 178 181 180 181 177 171 180 186 185 188 186 184 185 186 184 181 181 182 181 180 181 182 182 189 194 193 193 192 192 190 189 190 191 190 188 185 183 173 161 156 162 172 168 157 161 171 175 179 179 180 181 181 185 189 189 184 187 191 193 192 190 189 189 189 189 191 193 196
185 181 181 179 176 177 183 186 180 175 177 180 177 176 177 176 175 174 178 177 173 173 164 154 157 165 169 168 169 172 171 171 172 171 180 188 186 187 188 189 191 193 192 191 194 195 194 194 195 196 196 199 196 190 188 187 186 183 183 181 175 168 165 164 158 146 143 151 157 160 153 150 161 170 174 177 176 175 175 178 183 184 183 183 188 194 194 191 189 189 190 190 191 197 201 202
