assets/pre_processing/arag_2050_07_v_original.asc
ncols        422
nrows        484
xllcorner    -137.179196280258
yllcorner    26.081299551563
cellsize     0.046431266747
NODATA_value 0
[rows 141 to 187 of 484, columns 96 to 191 of 422]
182 182 180 177 174 169 173 180 184 186 193 200 197 194 192 193 199 201 197 195 191 192 191 189 192 193 191 190 191 190 190 187 181 184 188 188 185 185 179 175 173 174 173 166 159 160 160 164 176 179 180 182 182 182 182 182 182 182 181 183 184 179 182 182 178 180 181 181 181 181 182 182 183 185 186 185 183 184 183 182 185 187 186 181 183 190 192 193 190 180 172 173 174 176 181 184
178 177 173 169 167 170 179 187 192 196 201 203 200 199 199 199 200 198 196 194 191 191 189 190 194 194 193 192 190 193 191 182 178 179 184 182 180 181 174 172 173 175 171 164 165 166 168 174 178 179 180 181 181 182 182 182 181 182 182 182 181 179 184 183 178 181 183 182 181 181 181 182 182 183 183 183 182 182 182 184 186 186 188 188 191 196 195 192 185 174 172 175 179 184 184 179
170 168 165 166 172 181 187 193 198 200 202 201 199 198 197 197 195 193 196 195 191 192 190 192 195 195 193 189 187 188 181 171 168 169 175 176 176 175 171 173 174 176 171 170 173 172 176 179 179 180 180 180 181 181 182 181 181 181 180 180 180 179 182 182 178 183 185 181 181 181 181 181 181 181 181 181 181 182 184 188 189 190 195 193 193 196 191 184 177 173 176 182 184 181 172 168
169 168 170 176 184 190 189 191 200 204 204 202 199 196 196 198 197 194 203 203 195 199 196 195 195 193 190 185 184 182 176 168 167 168 174 180 176 172 172 174 173 175 175 175 174 175 180 181 181 181 181 181 181 181 181 180 180 180 179 180 180 179 182 182 181 186 185 181 182 183 183 181 181 184 186 187 187 189 192 194 193 195 198 194 192 190 182 176 174 174 179 182 181 173 166 169
177 179 183 188 194 194 190 193 204 208 203 201 197 194 197 201 200 196 201 205 205 205 197 191 190 188 184 180 179 178 173 168 167 171 181 184 175 170 173 174 171 175 180 176 175 180 182 182 183 184 183 182 182 181 180 179 179 178 178 179 179 179 180 180 182 185 184 183 185 188 188 187 187 188 192 195 195 195 197 195 194 195 193 187 184 180 175 174 176 178 181 179 175 169 170 178
188 191 193 196 200 198 194 199 209 208 200 201 198 195 199 204 203 201 200 212 216 203 191 184 183 182 180 178 177 175 172 169 168 175 184 182 173 170 172 173 173 179 183 176 178 184 183 183 186 186 184 182 182 181 180 179 179 178 179 179 179 179 179 179 179 180 181 183 185 190 192 192 193 192 197 197 192 192 191 189 189 187 182 178 176 175 175 178 179 179 175 172 169 169 175 183
195 197 199 201 202 199 196 201 209 210 211 210 207 205 210 215 214 212 209 219 217 201 194 187 184 189 190 187 184 179 175 172 174 182 185 180 174 170 169 172 175 180 181 178 182 186 185 187 188 188 185 185 185 185 184 184 183 182 181 181 181 180 180 179 179 178 178 179 180 183 185 186 187 188 191 188 182 181 180 180 179 177 175 175 175 175 176 177 176 175 173 174 176 179 183 186
193 197 200 203 200 199 199 202 209 213 217 213 211 211 213 218 215 211 208 208 204 203 199 186 179 191 193 189 188 179 178 176 182 185 184 182 174 170 167 173 177 177 179 180 183 184 185 186 186 186 185 186 186 187 188 188 187 185 183 183 184 184 184 183 181 180 179 178 178 178 178 178 179 180 181 180 178 177 177 177 177 177 177 177 178 178 178 178 178 179 181 183 185 187 189 190
191 200 203 202 199 203 203 205 212 212 214 209 207 206 204 206 202 197 194 193 193 196 193 182 179 191 184 183 186 175 179 181 185 183 182 181 173 170 172 180 179 178 181 181 182 182 184 184 183 184 183 184 185 186 187 187 187 185 185 185 189 191 188 187 185 183 182 182 182 181 181 180 180 180 180 180 180 180 180 181 181 181 182 182 182 182 183 184 185 186 186 186 187 189 190 191
202 208 204 200 199 206 204 205 212 212 214 210 205 200 198 200 197 193 191 191 191 190 192 188 189 191 173 183 185 170 177 184 185 182 185 182 174 171 178 181 174 177 181 180 182 182 183 183 183 183 183 184 185 187 187 187 187 187 187 188 192 192 191 190 188 187 187 188 186 185 184 182 181 181 181 180 180 180 181 181 182 182 182 182 183 184 185 186 186 186 187 187 189 191 191 190
205 204 197 194 197 204 200 202 210 210 208 205 201 194 193 196 193 190 190 191 190 189 193 191 190 184 167 183 181 162 177 186 183 180 183 180 175 176 183 177 167 176 180 179 181 180 180 181 180 181 182 183 184 185 185 186 186 186 187 189 190 192 192 189 189 189 192 193 190 191 190 187 186 185 185 183 182 182 181 183 185 184 184 184 185 186 187 188 187 188 190 189 189 190 188 186
193 193 193 192 196 205 201 203 210 206 199 198 198 191 191 194 191 189 191 190 189 188 189 189 187 183 171 184 178 154 176 185 178 178 181 182 176 180 183 173 165 175 181 179 180 181 181 180 180 180 180 180 181 182 182 183 183 184 185 186 187 189 188 185 186 187 190 191 190 193 194 191 192 194 192 189 189 189 187 187 192 194 193 193 193 193 193 193 192 192 192 190 189 189 187 184
184 192 196 193 200 210 204 204 209 200 194 197 197 190 190 193 190 189 190 189 188 187 186 187 187 182 176 185 176 162 182 177 169 176 182 183 179 183 179 169 164 175 181 178 180 181 180 179 179 180 181 181 181 182 182 182 182 182 182 182 183 184 182 182 182 182 183 184 185 188 189 189 192 194 193 193 196 196 194 195 202 202 195 195 194 193 193 192 191 191 190 189 188 187 186 185
192 205 207 204 211 213 203 200 201 191 191 195 195 191 190 192 188 189 191 189 188 187 187 189 188 183 179 185 179 181 185 163 163 172 179 180 181 183 177 172 169 180 190 184 181 180 181 182 182 183 184 185 185 185 184 183 182 182 182 182 183 183 182 182 182 181 182 182 182 182 182 183 184 185 186 188 192 193 193 196 201 195 188 190 190 189 190 189 188 188 187 187 186 186 186 186
200 208 205 205 208 204 194 191 189 184 188 192 194 190 189 189 187 190 189 187 186 185 185 186 185 182 179 182 182 187 175 145 148 164 175 179 180 179 175 173 172 183 194 182 174 180 184 186 185 185 185 185 184 183 182 181 181 180 180 181 181 181 181 181 181 180 180 181 182 182 181 181 181 181 180 181 182 182 183 185 188 186 186 188 187 187 188 188 187 187 187 186 186 186 185 185
200 201 196 197 194 190 183 183 182 183 189 191 192 187 183 182 184 187 184 182 181 180 181 181 181 179 176 178 181 179 164 138 133 153 173 179 178 177 175 172 170 178 187 174 166 177 184 185 183 183 184 183 180 178 178 178 178 177 177 177 177 177 176 176 177 177 177 178 178 177 178 180 182 182 182 182 181 180 179 179 180 181 183 182 180 180 182 183 183 183 183 183 183 182 181 181
198 197 196 196 188 186 181 179 179 183 189 190 191 185 178 179 184 184 182 180 179 178 179 180 180 177 176 180 182 174 162 142 129 153 185 187 179 179 177 174 174 184 188 173 165 175 183 183 182 182 183 181 178 177 178 180 179 178 178 178 178 177 176 176 176 177 176 176 176 173 174 177 178 180 181 182 183 183 181 180 179 178 177 176 173 173 176 176 175 176 176 177 176 176 177 177
192 190 190 190 184 183 179 176 178 184 188 189 189 183 175 180 186 184 181 179 178 177 179 180 179 176 176 180 178 170 162 147 129 158 193 182 173 180 179 176 179 187 183 169 165 172 181 183 182 182 181 179 179 181 182 183 183 184 184 183 183 182 182 181 181 180 178 178 179 178 178 178 177 178 177 178 179 180 182 182 181 180 178 175 175 176 176 173 172 172 172 172 172 173 174 175
185 186 188 186 182 181 178 175 180 185 188 189 186 176 173 182 188 185 183 180 178 179 180 180 179 175 175 177 174 167 161 150 146 169 189 170 164 182 183 181 182 184 176 168 166 170 179 182 181 182 180 179 183 186 186 187 187 187 186 185 186 185 185 184 183 182 181 181 181 181 181 180 179 178 176 175 175 176 180 182 183 184 182 180 180 179 179 177 177 176 175 175 176 177 177 177
182 186 187 183 179 178 175 173 178 184 188 190 185 175 178 187 188 186 184 182 180 181 180 180 178 176 175 175 172 165 160 154 165 171 177 169 163 183 184 184 183 182 178 169 166 172 181 181 181 181 180 181 185 187 188 188 188 187 186 186 186 185 184 184 182 181 182 182 181 181 181 181 180 180 178 178 176 176 178 180 181 183 182 183 183 180 180 181 181 180 179 180 180 180 180 180
176 182 184 181 178 176 174 173 175 177 180 178 172 170 178 183 182 182 180 177 175 176 178 178 176 175 171 172 169 159 155 157 171 165 172 176 170 188 190 190 184 183 181 170 171 181 181 178 181 182 182 184 186 190 192 190 189 190 190 191 192 190 191 190 187 187 187 185 182 182 182 181 181 180 180 179 179 178 178 176 172 173 177 181 182 182 183 183 180 178 178 179 180 179 179 179
178 184 186 183 182 182 182 181 180 180 182 174 170 171 175 182 181 178 174 172 172 175 179 178 176 173 169 170 165 155 156 165 174 171 180 181 174 188 194 191 185 187 181 167 176 181 172 172 181 181 183 185 187 192 193 190 190 191 191 193 194 193 194 193 192 193 191 186 183 183 183 183 183 181 179 179 179 179 179 177 173 174 177 178 178 181 182 180 177 176 176 177 178 178 178 178
185 191 193 189 191 193 190 190 188 189 192 186 186 184 183 188 184 176 174 177 178 180 182 178 176 174 168 170 164 156 164 173 176 176 183 181 173 185 191 184 183 189 177 161 173 175 165 170 179 181 182 185 187 190 191 189 188 189 189 191 192 191 192 191 192 192 188 184 182 185 187 189 187 181 180 179 179 180 180 180 180 181 182 178 175 177 177 177 176 176 178 180 180 178 177 177
191 197 197 193 201 204 197 196 193 192 194 190 190 187 186 189 183 176 179 184 181 181 182 178 177 174 168 170 166 158 168 175 179 183 187 184 181 189 187 180 181 184 171 164 179 175 165 169 179 181 181 184 188 191 192 188 186 188 190 194 194 193 193 192 193 192 187 185 182 187 192 191 184 179 179 179 180 180 180 179 179 180 181 177 174 178 180 178 176 178 180 182 180 178 177 177
203 213 210 204 208 204 194 194 190 189 190 189 189 187 186 189 183 179 185 190 185 182 183 179 177 174 168 170 167 162 171 176 182 188 188 185 187 188 180 176 174 178 170 172 178 167 164 168 178 182 182 185 189 191 191 187 186 189 193 195 196 195 194 193 194 192 188 185 185 194 196 187 183 181 178 180 184 184 181 179 179 179 179 177 177 182 183 181 179 181 181 181 179 176 176 177
208 220 212 203 201 192 187 184 181 184 186 185 184 182 183 186 182 184 193 193 187 185 184 181 178 174 167 170 167 164 172 178 186 191 188 185 186 182 174 173 171 179 181 181 171 158 163 167 177 182 182 184 189 191 189 184 185 192 195 197 198 196 193 193 194 193 189 185 189 198 193 182 184 183 180 185 188 185 180 179 179 179 179 178 180 182 184 182 181 181 179 180 179 176 176 178
213 219 201 188 185 185 187 180 178 182 182 178 178 180 182 188 186 192 198 192 187 185 184 181 179 174 167 170 168 166 171 178 189 192 187 184 184 179 174 172 169 178 188 186 166 154 162 170 183 186 180 182 188 191 188 182 186 193 197 199 197 194 192 194 196 194 189 187 191 195 187 177 180 179 183 186 185 184 179 179 180 181 179 178 179 182 184 182 180 180 178 179 180 176 178 180
221 220 194 183 179 181 187 178 175 180 177 171 176 180 186 192 191 198 199 190 186 183 183 180 178 174 166 169 173 171 172 178 187 187 182 179 178 176 173 174 177 190 196 190 162 147 160 173 186 182 176 182 188 188 185 183 188 196 199 200 196 194 194 195 197 192 187 189 189 190 185 175 174 181 189 182 182 184 178 179 183 183 179 179 179 181 181 178 180 182 179 180 180 178 181 181
215 206 188 186 175 179 185 177 176 180 174 169 181 190 197 200 197 201 196 189 186 184 184 182 180 174 170 179 182 172 170 179 185 181 174 171 172 174 176 180 187 197 196 191 166 146 166 181 185 176 172 181 185 183 184 185 189 198 201 198 194 198 199 197 197 192 188 188 184 184 183 173 177 189 188 178 184 185 180 184 188 186 181 183 182 180 178 176 181 182 180 181 182 182 183 181
198 190 185 181 166 174 183 177 178 178 171 174 190 196 196 196 196 197 191 188 186 184 185 184 180 174 176 186 181 167 169 181 187 182 174 174 176 179 181 183 186 189 187 184 172 164 178 177 177 176 170 179 181 182 188 186 188 197 195 188 190 199 196 193 193 188 185 180 176 179 177 172 180 182 175 174 182 183 181 187 188 185 180 184 186 182 179 178 183 183 181 179 180 182 180 179
185 183 183 175 160 169 182 177 177 175 171 181 194 193 185 187 190 189 187 185 182 181 183 181 176 170 174 181 172 166 173 185 189 183 180 182 183 184 183 182 183 183 182 180 171 179 175 149 167 175 167 178 181 184 189 185 187 195 188 184 193 196 188 185 186 182 178 171 168 173 171 170 173 166 166 171 178 180 181 183 181 181 178 182 188 183 176 179 184 183 178 176 178 180 178 178
182 182 181 173 160 168 182 181 180 176 175 184 192 189 182 188 190 187 187 183 179 180 181 177 171 169 173 176 168 164 173 180 179 177 179 181 183 185 183 182 184 183 182 180 174 184 169 132 165 176 163 177 180 182 187 183 185 189 181 185 194 193 184 181 182 178 174 167 165 170 172 171 166 160 166 170 176 180 180 178 178 181 181 188 192 180 171 177 183 181 179 179 180 181 179 180
182 181 180 172 160 168 182 184 179 175 179 185 188 184 179 184 187 186 184 179 176 179 178 172 167 169 170 169 164 158 165 164 164 172 175 178 183 184 182 183 185 182 181 179 179 183 169 138 166 175 164 182 180 181 186 182 184 183 179 185 189 189 180 175 175 173 170 164 160 166 173 168 161 161 166 171 177 179 177 177 179 182 185 190 189 177 170 174 181 180 181 181 179 181 179 179
181 181 179 171 161 169 181 182 176 176 183 184 185 183 181 183 186 185 181 176 175 176 175 169 168 171 164 163 160 151 159 161 168 180 180 182 186 183 182 184 184 181 180 179 179 176 166 148 170 171 168 183 172 179 184 181 179 178 182 189 189 187 178 170 172 173 169 163 162 173 177 165 159 163 169 174 178 176 175 178 180 183 186 187 184 176 170 176 183 181 182 181 179 181 179 178
181 180 177 171 163 171 183 183 177 179 184 185 186 186 183 183 184 184 179 177 178 176 173 168 168 169 160 162 159 153 165 172 181 189 186 187 189 184 184 185 183 181 180 181 180 176 168 155 172 178 178 175 161 175 182 180 176 177 184 189 186 178 166 162 173 176 170 167 170 178 175 164 162 164 171 175 174 173 174 178 180 182 185 186 184 178 171 180 184 178 182 181 180 180 177 178
181 179 176 170 165 175 185 181 177 182 185 185 185 186 183 179 181 180 176 177 178 173 167 164 165 163 155 162 161 160 174 181 186 190 188 188 189 184 184 185 184 183 181 182 180 176 169 159 171 186 178 160 155 170 180 181 178 181 186 187 181 170 161 165 175 175 170 170 171 172 168 162 163 168 175 174 173 175 173 177 179 180 186 186 185 180 177 185 181 173 179 181 180 179 177 179
182 179 176 170 170 180 185 179 178 186 188 186 186 186 184 180 180 178 173 172 170 161 156 157 160 159 157 165 167 169 178 182 186 191 189 185 184 181 181 183 183 182 181 181 181 178 171 168 183 190 170 155 161 179 192 192 187 183 183 179 170 162 160 167 171 167 163 162 163 165 165 161 166 173 175 170 173 174 172 175 174 176 187 188 186 185 187 188 180 176 184 192 190 183 180 178
182 179 176 172 176 182 184 179 179 187 188 185 184 184 183 179 180 181 176 171 168 159 155 161 164 166 169 175 175 176 180 180 186 191 187 181 181 179 179 181 181 179 178 180 180 177 174 177 187 182 165 162 166 185 190 190 189 179 181 176 171 167 164 168 171 166 160 162 164 165 165 164 170 173 169 168 174 174 174 176 172 177 189 189 183 185 187 183 178 181 189 196 189 180 179 178
181 178 177 173 177 181 181 178 179 186 185 182 180 181 181 178 181 182 175 171 173 167 168 175 176 179 182 183 182 181 179 177 185 186 176 174 180 180 180 184 183 180 180 182 181 177 177 175 176 169 159 162 168 182 177 180 182 172 182 184 182 181 178 179 180 173 169 172 172 170 170 169 173 172 168 169 174 177 177 176 174 181 186 173 168 181 185 180 175 182 185 187 181 172 176 179
180 178 177 176 179 180 181 179 179 186 185 182 179 180 180 176 178 176 168 168 175 174 175 180 180 185 186 183 184 180 172 172 182 182 173 179 187 183 184 186 184 182 183 185 183 180 180 172 172 171 161 163 174 181 173 180 180 170 183 186 181 182 180 179 179 174 174 176 174 171 170 171 173 171 169 170 174 179 177 175 176 180 178 166 173 188 188 181 179 184 181 182 180 170 178 184
179 177 176 178 178 177 181 180 180 185 185 181 178 180 177 173 176 173 165 166 176 178 179 181 182 187 185 181 182 174 164 168 182 183 178 189 193 185 185 185 183 183 183 185 183 181 179 169 171 171 162 168 178 177 170 179 179 174 186 184 178 181 180 180 179 178 178 178 176 173 171 172 172 171 171 172 178 180 176 174 177 180 179 177 188 196 190 182 182 183 178 181 179 169 180 184
179 177 174 176 175 174 180 180 182 185 185 181 176 177 174 174 177 172 167 170 179 183 182 182 184 187 183 181 181 168 158 167 180 182 179 190 194 187 187 186 186 186 186 187 183 181 176 165 170 169 161 173 178 173 171 179 179 180 185 178 176 179 183 185 184 182 181 180 178 174 173 175 175 174 174 177 180 179 176 175 178 181 179 179 188 196 192 182 181 180 175 180 178 173 182 179
178 176 173 175 175 175 180 181 182 184 183 178 173 175 174 174 176 171 171 174 181 184 181 179 182 183 180 180 175 161 157 171 181 184 184 191 198 191 185 184 184 183 182 181 178 177 173 163 169 169 166 176 174 170 172 179 182 183 180 173 175 178 184 188 188 184 182 182 179 177 177 178 178 176 177 178 179 178 176 177 180 183 180 180 186 194 189 177 178 179 176 179 180 180 180 172
178 176 175 178 176 175 180 181 182 182 180 175 172 176 178 178 177 172 173 177 182 184 179 176 179 179 177 175 169 159 162 175 182 188 187 189 200 191 179 181 179 176 176 175 173 173 170 163 169 170 171 176 171 171 173 179 184 182 176 174 176 181 190 193 190 185 182 183 182 181 181 181 180 179 179 179 180 179 178 179 182 183 179 180 184 193 187 177 181 180 177 179 183 180 171 165
178 176 177 177 174 175 179 181 182 181 179 176 172 175 180 177 173 172 174 179 183 181 175 173 174 175 173 171 166 160 167 177 182 186 183 187 199 190 180 182 175 172 173 172 172 171 168 163 169 173 173 171 168 174 177 184 187 181 176 178 182 189 196 194 190 188 187 191 188 187 186 184 183 182 182 182 182 182 182 184 184 183 181 182 184 187 182 180 184 178 175 178 182 179 173 175
178 177 177 174 171 174 179 180 180 179 179 177 175 181 184 174 170 173 176 179 180 175 170 171 173 174 171 170 168 164 172 180 183 184 180 188 193 182 182 182 172 172 175 173 173 172 170 169 175 180 173 167 170 177 181 186 185 180 178 181 186 189 191 189 184 186 191 190 185 187 187 184 184 184 183 183 183 183 184 184 183 183 182 182 184 181 181 186 185 178 176 177 179 181 177 182
178 177 177 173 171 175 178 179 179 180 180 177 178 184 180 171 170 172 177 177 176 172 169 170 174 175 171 173 173 170 177 182 182 181 178 189 187 179 187 181 171 175 182 177 175 177 175 176 180 178 167 164 172 178 181 182 181 178 177 180 183 181 184 184 180 186 191 183 178 183 184 182 185 184 183 183 183 183 183 182 181 182 182 184 185 180 184 192 187 180 179 177 178 181 179 181
