assets/pre_processing/arag_2050_07_v_original.asc
ncols        422
nrows        484
xllcorner    -137.179196280258
yllcorner    26.081299551563
cellsize     0.046431266747
NODATA_value 0
[rows 282 to 328 of 484, columns 96 to 191 of 422]
184 180 179 186 184 175 179 185 182 178 180 182 183 184 183 185 188 181 171 179 189 181 171 175 172 156 144 156 168 174 189 190 181 162 169 178 181 181 170 185 206 202 202 200 176 171 175 173 173 171 179 183 176 172 174 177 178 178 180 182 183 189 192 195 197 203 216 208 198 196 194 190 178 163 148 151 158 153 144 138 139 145 150 153 156 155 156 159 160 163 163 161 155 157 169 173
185 180 182 187 180 171 177 183 177 174 178 181 182 182 182 183 181 176 173 181 188 176 163 170 165 148 148 165 176 184 192 188 178 164 172 183 185 180 170 189 205 198 199 194 177 180 184 181 178 179 185 184 178 177 179 181 180 181 184 186 189 198 197 196 200 211 217 204 196 193 181 173 160 142 142 154 160 155 141 140 149 149 153 159 161 160 162 165 167 171 168 163 164 173 178 177
184 178 182 181 172 168 175 181 176 173 178 181 182 183 182 182 179 173 174 175 176 167 152 161 158 143 154 173 180 188 193 185 177 167 174 187 185 176 174 193 202 193 197 194 188 195 193 186 181 183 186 184 180 179 178 178 178 183 190 192 196 204 200 194 204 213 208 195 183 176 159 151 143 133 149 159 161 154 137 146 155 150 157 162 162 162 165 166 169 169 160 157 163 168 166 165
180 174 175 173 165 166 174 180 175 173 178 181 182 181 179 178 174 166 166 162 160 156 139 151 153 144 161 175 181 190 190 181 176 169 175 185 181 176 183 195 196 191 194 191 189 196 192 185 183 183 183 177 175 177 179 179 183 192 200 199 200 206 200 196 209 211 198 183 162 154 142 140 143 139 156 156 152 146 141 154 155 153 160 163 163 165 167 168 167 158 153 157 161 159 154 153
172 163 167 168 163 165 173 179 175 173 179 179 175 173 172 170 164 153 155 150 149 146 138 154 153 151 170 179 184 191 187 178 174 171 176 183 180 178 185 188 187 190 192 189 189 193 186 181 180 179 177 175 179 187 190 188 195 204 204 198 200 208 205 201 208 201 185 166 140 140 146 149 151 149 161 154 150 149 152 159 154 160 167 169 169 170 170 171 164 156 160 162 162 161 159 160
159 150 160 162 160 165 173 176 172 171 175 167 157 157 159 155 146 137 141 139 140 140 143 155 152 165 180 183 188 191 184 176 172 171 175 179 178 179 183 184 185 189 191 190 193 194 186 183 182 183 184 185 190 199 199 194 202 208 201 196 201 206 201 195 198 182 164 146 126 142 158 157 153 157 163 151 153 156 156 159 159 169 172 172 172 172 171 169 163 165 171 171 172 172 172 173
128 133 149 150 150 156 163 162 159 159 151 131 128 137 140 135 128 125 134 135 138 143 147 154 160 178 186 185 190 191 185 177 173 176 179 179 182 185 187 187 188 190 191 192 195 193 189 189 189 189 189 189 196 200 198 196 203 207 199 198 205 206 195 191 187 165 154 137 128 152 165 157 152 161 159 148 155 162 164 168 169 175 175 174 175 174 174 173 172 176 179 179 178 177 176 173
106 117 126 128 130 134 136 136 136 138 115 102 117 127 131 128 126 131 141 144 149 155 160 167 176 184 186 186 188 190 186 181 179 183 186 188 193 193 191 190 190 191 191 192 192 189 188 189 188 189 189 192 203 202 201 201 202 204 196 196 207 205 194 190 166 149 143 131 145 167 173 161 157 161 155 149 161 170 171 172 176 179 178 178 179 179 180 178 178 179 177 177 176 175 171 165
106 108 108 110 113 116 117 117 119 111 93 108 134 138 141 140 142 150 157 160 166 171 175 182 188 188 188 187 186 186 182 180 181 187 190 193 195 191 189 189 188 188 189 188 187 185 187 192 192 192 195 202 211 206 205 204 200 199 193 200 206 196 184 171 135 130 133 133 160 174 171 160 161 162 154 154 166 174 172 173 178 178 177 178 180 179 176 174 175 174 172 171 172 170 164 161
119 119 118 121 123 123 122 124 127 117 118 145 161 163 163 164 167 171 173 177 180 185 191 193 194 190 188 187 185 184 181 180 182 185 186 186 185 183 182 182 182 183 184 183 183 183 193 203 202 198 203 210 213 205 202 200 197 195 198 207 201 182 170 146 111 127 144 149 167 171 166 157 161 159 151 160 172 176 174 174 176 175 173 175 175 172 171 172 174 171 166 166 168 164 159 163
157 156 156 157 156 155 153 155 161 164 174 187 186 185 185 187 189 189 190 192 191 196 199 195 193 189 188 187 185 184 183 183 184 186 184 184 184 183 183 183 184 184 185 186 190 198 211 215 206 201 207 213 209 200 199 197 196 197 201 199 183 160 149 127 112 144 159 161 168 171 165 152 155 155 151 165 175 175 173 173 174 173 170 169 169 168 168 170 169 164 162 167 168 164 162 168
195 194 193 193 191 188 186 199 211 207 203 203 201 199 199 199 198 196 196 207 213 212 209 201 198 195 193 192 190 189 189 187 200 207 202 201 200 199 198 198 197 197 197 199 207 218 219 214 206 202 206 210 204 199 201 199 198 199 197 177 160 137 129 121 124 156 162 167 171 173 163 148 155 159 157 170 175 173 171 173 173 172 167 166 169 167 165 166 165 161 165 170 170 168 170 176
214 214 214 213 212 211 209 228 233 218 215 214 214 215 214 213 212 211 217 229 226 216 213 208 210 209 207 208 207 207 206 210 225 221 209 209 208 208 207 206 206 206 206 207 219 223 213 209 204 202 207 209 204 202 205 201 199 197 181 148 141 123 120 129 137 160 163 171 171 170 160 153 164 164 163 172 176 173 171 172 172 167 163 167 170 166 165 167 166 165 170 173 172 174 177 180
213 213 214 214 214 212 211 227 222 204 205 207 209 210 211 211 211 213 222 224 211 201 200 199 203 204 204 207 207 208 211 219 222 211 203 204 205 206 205 205 207 207 207 213 225 220 208 207 203 204 208 207 203 201 201 195 194 184 155 138 142 120 123 144 154 169 169 173 168 166 159 159 167 163 168 175 176 174 171 172 170 162 163 170 170 167 169 171 170 172 175 177 177 179 181 181
177 178 179 182 181 176 178 184 172 159 164 171 173 172 177 185 187 191 197 191 183 184 184 184 187 188 192 195 195 198 205 208 201 198 199 200 202 204 207 208 210 211 213 221 223 213 208 207 206 207 208 205 200 194 189 187 181 154 115 117 120 104 132 157 164 169 169 168 160 159 156 157 161 159 168 172 172 171 169 169 164 162 169 172 169 168 172 173 174 178 180 181 181 182 182 182
162 161 159 158 154 153 158 162 160 158 161 165 163 159 166 175 172 171 183 185 181 183 183 183 185 187 191 192 191 194 198 193 190 193 193 194 195 197 202 202 203 204 206 208 202 198 199 198 197 198 197 195 189 177 174 179 165 125 86 100 110 114 153 169 170 169 168 166 156 157 160 163 164 162 169 170 170 170 168 166 162 167 171 171 171 172 175 176 178 180 181 181 181 181 181 181
187 185 183 183 184 184 183 182 179 178 178 175 170 166 173 178 167 171 187 185 178 181 181 179 180 183 187 187 183 185 185 182 183 188 186 185 185 187 190 186 184 183 183 182 180 183 182 181 181 183 183 182 176 160 162 172 148 99 90 129 145 149 169 175 173 168 169 166 156 161 170 168 165 167 172 172 172 171 166 164 164 170 171 171 173 174 176 178 179 179 178 178 178 178 178 179
194 192 192 196 196 190 188 187 185 184 181 178 174 172 176 177 168 177 191 186 176 182 181 176 179 183 187 185 180 181 184 183 185 190 187 183 184 188 188 184 184 185 185 184 184 187 184 183 183 184 183 183 173 143 140 152 118 75 105 146 152 163 175 177 171 165 166 162 154 161 169 165 162 168 171 166 164 164 162 162 165 169 169 170 172 173 175 177 176 173 174 175 174 175 176 176
193 191 195 197 193 188 188 188 187 186 181 181 181 178 178 176 171 181 194 187 175 183 182 175 181 184 184 179 176 180 186 186 186 189 184 180 183 187 185 185 190 190 191 191 192 195 192 192 192 190 191 187 155 103 107 129 98 80 128 155 156 169 176 173 165 164 167 161 154 163 170 166 163 168 169 160 159 165 163 162 166 169 169 171 172 173 174 174 169 169 173 174 173 173 174 174
188 188 190 189 186 184 186 186 186 185 179 182 183 181 181 177 176 185 195 188 175 185 184 176 183 185 182 178 179 184 187 186 184 185 180 177 180 184 180 183 189 186 184 185 189 194 192 192 193 191 189 163 107 84 114 134 112 110 153 166 160 166 170 165 160 165 166 159 160 170 174 168 167 172 169 160 164 173 169 166 171 172 172 174 175 175 175 173 171 173 175 174 173 174 175 174
184 184 184 183 182 181 184 183 184 183 177 182 184 183 181 179 182 188 188 179 174 187 187 177 184 187 184 182 185 187 186 183 181 181 177 174 178 180 175 179 181 173 168 172 180 186 184 184 185 170 152 116 74 97 128 137 137 140 167 165 158 163 169 166 161 165 164 159 166 176 174 170 172 174 168 166 176 180 174 172 177 178 178 179 179 181 181 179 179 179 178 177 177 176 176 175
181 181 181 181 181 180 182 182 183 181 175 182 183 181 179 178 182 186 182 181 182 190 190 177 186 188 184 182 185 188 184 183 181 176 173 171 174 177 174 178 179 170 166 172 181 179 172 162 150 123 114 98 74 113 134 143 154 157 167 158 159 167 172 168 162 166 167 163 171 176 173 172 176 176 172 176 184 182 177 179 184 184 183 184 185 188 189 187 186 183 183 183 182 180 179 178
181 181 181 181 181 180 181 182 182 179 175 182 181 178 177 176 181 185 183 192 191 194 195 180 187 188 184 183 186 188 185 186 181 173 175 171 173 179 177 179 180 173 170 175 180 171 163 139 120 119 125 112 95 136 155 158 159 158 160 154 163 169 172 168 165 171 170 169 175 179 177 177 181 181 176 181 185 182 180 185 188 187 188 189 193 196 194 190 189 186 187 189 186 183 184 186
183 182 181 181 181 180 180 181 180 178 178 183 177 175 175 174 180 183 183 193 192 197 200 183 186 188 184 183 186 189 186 186 178 172 177 172 177 183 178 178 178 172 170 174 176 167 153 124 125 148 141 122 126 157 158 156 155 156 161 156 166 169 170 169 170 174 173 175 180 182 181 182 186 184 180 184 188 185 184 188 189 188 193 197 199 198 194 191 189 189 191 193 190 189 195 199
182 181 181 181 181 180 180 181 180 179 180 181 172 173 173 172 179 182 183 193 193 200 203 183 184 186 184 183 186 190 187 185 175 170 178 174 180 184 178 178 175 170 169 172 170 158 137 121 136 153 139 123 142 156 145 154 157 160 163 160 170 171 171 172 173 176 176 181 184 185 186 189 190 185 183 187 188 187 186 189 190 192 198 199 196 192 190 190 189 191 193 194 193 193 201 202
180 180 181 181 181 179 180 181 180 179 180 177 167 172 176 175 179 182 184 194 194 204 207 184 184 185 184 184 188 190 186 183 172 170 179 176 182 184 180 178 173 171 170 171 163 149 141 137 148 158 145 129 146 149 141 160 167 167 166 164 172 172 173 176 177 180 182 185 188 191 193 193 189 184 185 187 187 187 187 190 192 197 197 192 188 186 187 188 188 190 191 192 192 195 200 195
179 180 181 181 180 179 179 180 179 178 179 176 166 170 179 174 174 183 185 196 197 209 211 184 183 185 185 185 189 190 185 181 169 171 181 179 183 184 179 176 174 174 174 173 163 157 154 144 152 164 151 136 153 156 148 163 171 166 165 170 175 176 177 180 182 184 187 190 195 195 192 189 185 182 185 186 187 188 189 190 192 193 188 185 184 183 184 186 188 189 189 190 190 193 194 188
179 180 181 181 180 178 178 180 179 178 179 175 164 169 178 169 169 182 184 199 201 212 213 184 182 185 186 186 190 191 185 177 170 176 182 181 182 182 177 174 175 176 176 170 164 163 156 151 168 174 154 140 155 158 150 162 170 165 166 174 177 178 181 184 185 188 190 193 195 190 186 185 183 181 184 186 186 187 187 188 189 187 183 183 183 184 186 188 189 189 189 190 190 190 186 184
180 180 180 180 178 177 178 179 179 178 178 173 161 167 176 168 171 182 187 205 204 213 214 183 181 185 187 187 191 191 181 171 171 177 180 182 181 180 176 174 176 177 175 164 162 162 151 158 175 169 148 148 163 161 153 165 174 172 171 176 178 181 185 185 187 191 192 194 191 185 184 184 181 180 184 184 184 185 185 187 186 185 184 185 186 187 190 192 192 192 192 190 189 187 185 185
179 179 179 178 177 176 178 179 179 177 176 170 158 165 175 168 174 186 195 211 206 203 199 182 180 185 188 188 190 189 176 166 170 176 179 183 183 180 176 174 177 178 172 160 163 161 148 157 167 155 142 156 165 157 157 169 178 175 173 179 182 185 187 186 189 193 193 191 186 182 182 181 178 179 181 181 182 183 184 185 184 184 185 187 189 191 193 194 194 194 190 186 187 185 183 184
178 178 177 177 176 177 178 179 179 174 173 167 156 164 174 170 182 195 200 214 208 192 200 195 180 187 189 189 188 185 171 162 171 179 181 184 185 179 172 173 175 174 167 155 160 158 145 155 166 155 144 159 161 153 163 176 180 176 176 181 184 188 188 186 189 193 190 184 180 179 180 178 175 178 179 178 181 182 183 183 183 184 186 188 188 190 193 194 192 189 182 183 186 184 181 183
178 178 178 177 177 178 179 179 177 173 172 164 155 165 174 173 193 202 202 216 211 193 214 208 182 188 189 188 183 179 166 160 171 180 182 184 185 174 166 171 170 169 165 158 164 157 145 157 168 158 148 160 160 156 169 179 178 175 178 181 185 187 184 183 188 189 184 180 177 177 179 176 174 176 178 178 181 181 182 182 182 183 187 188 186 189 192 190 186 181 179 183 185 182 181 183
179 179 179 178 178 178 178 177 172 171 169 159 156 168 176 183 205 207 202 219 213 195 212 206 184 188 186 185 182 177 164 158 171 181 181 183 184 171 161 167 167 169 166 164 164 151 147 160 170 161 151 159 162 161 171 177 174 174 178 182 186 185 181 183 187 185 181 178 176 178 179 176 173 176 178 179 182 181 182 182 182 183 188 188 185 189 190 184 180 177 179 182 182 180 182 184
179 180 178 176 175 174 175 172 166 166 163 156 162 174 183 198 216 209 202 220 216 197 210 204 187 190 183 179 182 172 157 161 173 181 181 181 181 166 155 164 167 168 163 162 158 146 154 167 172 163 152 161 167 165 172 177 174 176 180 183 186 184 181 184 186 183 180 177 176 179 178 174 174 177 178 180 181 180 181 182 181 184 189 188 184 187 184 178 176 175 177 179 179 180 184 185
178 179 174 171 170 169 170 167 160 163 162 160 170 179 191 211 220 207 202 222 220 199 208 202 189 189 175 170 178 162 149 163 173 179 180 178 175 161 150 161 166 166 161 160 158 147 161 168 169 164 157 169 170 167 173 177 176 178 181 183 186 183 180 183 185 182 179 175 176 178 176 173 176 177 179 181 180 181 182 181 181 185 188 183 181 185 179 175 175 175 177 178 180 185 187 188
175 172 165 164 165 165 167 163 159 164 166 170 185 192 205 221 217 201 201 225 224 201 204 198 192 188 163 161 175 158 147 165 172 176 179 175 170 154 147 159 164 164 159 160 159 150 163 163 162 163 163 172 168 169 175 178 177 179 181 182 185 183 180 183 185 182 178 175 176 178 176 174 176 179 182 184 183 184 184 182 182 187 188 182 185 185 177 176 175 175 179 180 184 188 186 187
168 161 160 164 164 165 168 165 165 171 176 192 208 206 215 224 212 197 205 218 198 186 200 193 194 182 149 154 174 156 148 167 174 176 177 172 164 154 156 165 163 163 159 160 161 153 163 162 163 165 167 169 163 170 175 176 177 178 180 182 186 183 180 183 185 181 178 175 176 179 177 175 178 181 185 186 184 185 184 182 184 189 191 186 189 184 177 176 174 177 182 185 187 188 185 186
166 164 168 170 170 172 174 174 178 183 190 214 221 207 216 221 206 196 213 217 191 205 211 186 191 172 136 150 174 157 150 169 175 175 176 170 163 159 165 167 160 163 164 166 163 155 162 163 166 168 167 168 163 171 174 174 178 178 180 183 185 182 180 183 184 180 177 176 178 179 177 176 180 183 187 186 183 184 182 181 183 190 190 184 187 181 176 174 175 182 187 188 189 189 188 191
176 177 180 179 181 183 185 187 193 196 209 229 223 204 213 213 197 194 224 230 211 232 219 184 191 161 127 149 176 160 154 171 175 172 171 168 164 161 166 164 156 163 170 167 161 160 166 165 167 167 167 169 165 173 175 176 179 179 181 185 183 182 182 183 183 180 178 177 178 178 177 177 180 184 186 183 182 182 181 180 183 189 187 181 185 180 176 175 179 186 190 191 191 192 191 191
188 188 189 190 191 194 195 198 207 213 227 232 215 199 204 203 193 203 235 238 213 228 212 185 186 147 135 175 188 162 157 173 175 169 169 171 166 161 167 165 157 165 172 166 159 164 168 162 168 172 173 172 168 175 177 177 180 180 182 185 183 183 183 183 183 181 178 177 176 176 177 178 181 184 184 181 181 180 179 178 180 184 182 179 184 182 178 177 180 187 194 194 193 192 188 185
204 205 206 208 210 212 213 216 225 228 229 220 204 196 203 217 220 233 251 245 219 225 204 186 179 137 153 194 178 152 165 180 178 174 181 180 165 153 159 160 154 163 170 162 156 162 165 160 169 177 175 170 172 178 179 179 181 181 182 185 182 182 182 182 182 180 177 176 176 176 177 177 180 182 181 179 179 176 175 175 179 181 181 181 182 182 177 177 183 194 200 195 191 187 182 181
208 208 211 214 214 216 217 219 225 221 211 203 201 202 214 236 234 239 251 242 219 212 183 182 171 129 160 194 159 141 175 184 175 177 186 177 156 148 156 160 155 163 167 162 160 167 169 164 172 179 174 169 176 180 178 180 182 181 182 183 181 182 182 180 179 178 176 176 176 176 177 177 180 181 179 177 176 174 175 177 182 183 186 185 182 181 176 180 188 198 200 190 185 183 180 181
201 202 204 208 206 207 206 207 206 197 202 206 214 219 228 237 226 231 239 223 198 188 163 172 159 123 164 196 160 140 179 182 166 173 181 169 150 155 169 168 160 162 167 167 167 172 173 169 175 181 176 172 178 179 177 180 182 181 182 182 181 183 182 179 178 179 178 178 176 176 179 178 180 180 178 176 176 176 177 180 184 184 186 186 183 183 179 186 190 195 194 183 182 180 178 178
200 201 202 202 199 200 200 202 202 206 223 223 226 226 227 226 221 233 230 204 182 182 165 174 158 122 164 193 163 143 177 178 158 168 178 165 148 162 169 160 160 167 172 169 168 173 174 170 175 180 176 173 179 180 177 180 182 181 181 181 182 184 181 177 178 181 179 177 176 176 179 178 179 178 177 177 178 178 178 180 182 181 185 186 182 181 181 185 186 193 191 183 182 178 175 176
196 195 193 190 197 212 214 220 223 226 237 228 223 219 216 212 217 223 206 186 179 182 171 177 155 116 164 198 170 139 166 171 149 163 176 162 146 162 162 150 162 174 174 169 170 173 174 172 176 180 177 174 179 179 176 179 182 180 180 181 181 182 179 176 177 180 178 176 175 176 179 177 177 177 177 178 178 178 178 180 179 180 187 186 179 181 183 182 186 193 189 182 180 173 174 174
187 185 182 203 227 231 224 226 225 224 230 219 211 210 209 219 227 222 203 194 194 193 187 186 153 114 173 212 170 125 156 163 139 160 177 161 145 160 158 149 165 175 170 166 169 172 172 173 177 179 175 175 179 178 176 179 182 180 179 180 180 180 178 177 178 179 177 176 176 176 178 177 176 177 178 179 178 178 178 180 179 182 187 183 175 181 185 183 190 195 186 179 175 170 172 173
177 176 217 248 240 229 222 221 218 214 219 212 215 221 223 239 230 211 208 207 206 198 196 190 154 142 195 215 161 110 148 157 134 160 178 160 144 159 157 149 164 174 167 162 167 170 172 173 173 173 173 176 178 176 177 181 182 179 178 180 180 179 179 179 179 178 176 176 176 176 177 175 175 177 178 179 178 178 178 179 178 180 184 180 174 181 186 183 189 193 184 178 174 168 172 175
